      6913.13      77000.0
      6945.53      32000.0
      6967.35      556000.
      6991.58      64000.0
      7002.73      11000.0
      7020.50      24000.0
      7062.60      5100.00
      7069.17      534000.
      7086.12      23000.0
      7126.52      14400.0
      7149.01      75000.0
      7150.53      3400.00
      7152.26      7500.00
      7170.87      53000.0
      7175.35      3800.00
      7202.03      4200.00
      7208.47      2200.00
      7208.97      7000.00
      7209.99      24300.0
      7214.68      5700.00
      7220.04      10500.0
      7221.14      3700.00
      7244.09      3300.00
      7246.69      3300.00
      7260.18      1200.00
      7274.94      170000.
      7286.91      8300.00
      7313.73      4600.00
      7326.83      1500.00
      7330.30      6700.00
      7343.17      4900.00
      7355.32      8600.00
      7374.15      25000.0
      7378.91      2700.00
      7385.74      1700.00
      7386.01      841000.
      7386.21      2300.00
      7387.54      20400.0
      7395.02      2600.00
      7395.47      1700.00
      7404.29      4000.00
      7414.38      2100.00
      7419.83      700.000
      7420.59      2500.00
      7430.99      14600.0
      7432.30      6300.00
      7437.42      6000.00
      7438.34      1600.00
      7446.80      2800.00
      7449.90      2040.00
      7457.26      730.000
      7473.22      2000.00
      7483.41      7300.00
      7485.69      3400.00
      7486.39      2700.00
      7490.04      1340.00
      7501.07      600.000
      7505.94 1.26000e+006
      7510.55      970.000
      7513.86      1180.00
      7516.72      898000.
      7525.21      1090.00
      7527.58      2460.00
      7533.22      530.000
      7551.39      6200.00
      7567.94      610.000
      7569.68      1280.00
      7569.83      15200.0
      7571.60      1390.00
      7587.78      7500.00
      7587.88      14300.0
      7600.30      1510.00
      7609.92      2380.00
      7622.17      1010.00
      7627.22      320.000
      7627.80      3040.00
      7629.27      6000.00
      7632.41      3240.00
      7632.64      470.000
      7634.23      470.000
      7637.21 1.46900e+006
      7638.28      2300.00
      7639.49      800.000
      7640.88      830.000
      7649.48      25600.0
      7653.85      570.000
      7654.43      1600.00
      7655.94      3400.00
      7656.81      1040.00
      7660.43      2900.00
      7663.00      1670.00
      7668.68      460.000
      7672.17      1500.00
      7680.24      3600.00
      7687.42      960.000
      7693.89      420.000
      7695.92      520.000
      7700.04      740.000
      7701.52      450.000
      7701.90      390.000
      7705.81      510.000
      7712.39      2970.00
      7716.06      880.000
      7723.33      760.000
      7725.89      608000.
      7726.33      699000.
      7731.08      2310.00
      7733.87      560.000
      7744.69      1170.00
      7774.08      1330.00
      7778.81      380.000
      7780.63      430.000
      7784.46      2170.00
      7789.80      530.000
      7789.94      490.000
      7791.08      13700.0
      7800.50      6000.00
      7806.68      310.000
      7812.77      400.000
      7819.92      25700.0
      7836.61      480.000
      7837.78      440.000
      7838.62      690.000
      7842.46      1900.00
      7842.62      900.000
      7843.95      4200.00
      7844.42      900.000
      7849.66      350.000
      7849.70      27400.0
      7849.96      1090.00
      7850.61      1590.00
      7866.19      720.000
      7868.13      6300.00
      7870.36      1600.00
      7888.45      5400.00
      7893.25      6600.00
      7901.80      1700.00
      7902.49      3280.00
      7906.61      280.000
      7939.92      2590.00
      7943.91      3700.00
      7950.36 1.08600e+006
      7956.78      1610.00
      7963.35      400.000
      7963.55      260.000
      7964.17      280.000
      7972.45      230.000
      7974.79      3800.00
      7976.35      1030.00
      7981.17      49000.0
      7990.17      3080.00
      7993.56      570.000
      7995.88      1210.00
      8002.25      660.000
      8008.36      916000.
      8016.99 1.47100e+006
      8024.41      1620.00
      8024.54      710.000
      8026.46      840.000
      8027.93      810.000
      8028.42      530.000
      8032.41      1330.00
      8034.64      11600.0
      8035.12      410.000
      8037.85      620.000
      8048.33      2000.00
      8055.52      4700.00
      8064.85      3040.00
      8069.04      1180.00
      8077.87      1790.00
      8087.44      3600.00
      8091.71      540.000
      8094.46      570.000
      8095.85      8300.00
      8105.92 1.53600e+006
      8116.78      360.000
      8117.54 2.22800e+006
      8121.41      1500.00
      8124.58      260.000
      8124.96      1620.00
      8131.64      2660.00
      8140.17      690.000
      8140.64      280.000
      8140.71      6200.00
      8142.14      220.000
      8145.38      25000.0
      8159.79      800.000
      8161.97      13300.0
      8165.37      620.000
      8172.03      5700.00
      8174.37      650.000
      8189.16      25100.0
      8196.65      470.000
      8204.40      680.000
      8205.46      490.000
      8209.74      770.000
      8211.70      340.000
      8216.41      880.000
      8219.48      460.000
      8229.73      570.000
      8233.67      1300.00
      8254.66      8700.00
      8255.88      800.000
      8257.01      2080.00
      8261.78      930.000
      8263.29      1490.00
      8266.20      2090.00
      8266.79 1.12900e+006
      8277.90      11600.0
      8290.69      520.000
      8294.81      950.000
      8297.83      940.000
      8299.46      920.000
      8313.92      1000.00
      8323.14      18200.0
      8332.74      50000.0
      8338.00      540.000
      8343.77      450.000
      8348.84      320.000
      8358.36      410.000
      8361.02      3240.00
      8368.37      1520.00
      8369.69      1530.00
      8371.64      2090.00
      8381.53      840.000
      8387.03      2000.00
      8388.03      590.000
      8389.41      420.000
      8390.84      1420.00
      8401.57      650.000
      8404.30      1090.00
      8406.11      1080.00
      8408.99      560.000
      8410.52 2.05900e+006
      8414.23      1010.00
      8419.04      44000.0
      8419.41      420.000
      8420.31      8100.00
      8423.54      22300.0
      8426.34      2290.00
      8426.96 2.10600e+006
      8428.70      660.000
      8447.53      450.000
      8447.81      12600.0
      8448.83      32600.0
      8453.00      220.000
      8466.56      4400.00
      8468.00      760.000
      8474.15      2470.00
      8480.69      31400.0
      8480.86      5300.00
      8492.64      850.000
      8498.51      210.000
      8498.67      480.000
      8498.79      740.000
      8503.01      290.000
      8503.78      390.000
      8512.96      3140.00
      8518.89      2660.00
      8521.67      1020.00
      8523.78 1.20700e+006
      8533.80      520.000
      8542.14      3120.00
      8546.07      1660.00
      8546.94      1530.00
      8557.29      5000.00
      8558.68      1880.00
      8560.80      340.000
      8575.48      15500.0
      8577.69      390.000
      8579.63      1990.00
      8590.80      210.000
      8594.20      720.000
      8595.47      900.000
      8608.14      9000.00
      8618.59      1030.00
      8622.83      5600.00
      8623.69      490.000
      8640.74      970.000
      8641.81      3380.00
      8647.68      2000.00
      8651.52      470.000
      8658.25      1110.00
      8667.87      14500.0
      8670.33      394000.
      8670.50      1760.00
      8680.79      1810.00
      8690.24      870.000
      8693.72      240.000
      8703.51      290.000
      8706.09      390.000
      8707.25      470.000
      8709.75      450.000
      8711.63      6400.00
      8712.81      250.000
      8716.05      160.000
      8724.85      330.000
      8726.77      390.000
      8733.22      210.000
      8734.82      2400.00
      8736.42      580.000
      8742.18      550.000
      8750.43      18800.0
      8751.57      2150.00
      8753.61      200.000
      8760.65      15100.0
      8762.85      2300.00
      8764.09      8400.00
      8769.15      3110.00
      8774.27      1810.00
      8775.21      3690.00
      8777.98      6600.00
      8785.13      390.000
      8786.97      830.000
      8794.47      2330.00
      8800.59      450.000
      8801.50      2900.00
      8807.01      1620.00
      8808.65      130.000
      8812.67      370.000
      8814.93      280.000
      8818.59      540.000
      8820.16      500.000
      8822.65      1320.00
      8822.84      2260.00
      8824.18      230.000
      8832.12      320.000
      8843.61      4500.00
      8844.50      700.000
      8850.73      260.000
      8851.74      510.000
      8852.32      1300.00
      8855.22      400.000
      8857.34      530.000
      8861.45      640.000
      8863.41      210.000
      8868.01      850.000
      8871.27      10100.0
      8877.67      950.000
      8891.63      1330.00
      8892.72      230.000
      8895.43      2720.00
      8895.98      630.000
      8909.40      260.000
      8909.48      330.000
      8913.30      620.000
      8930.18      300.000
      8930.54      590.000
      8944.11      400.000
      8951.58      2370.00
      8958.30      2500.00
      8960.45      230.000
      8964.61      1090.00
      8964.67      210.000
      8969.46      430.000
      8970.10      41000.0
      8972.33      2030.00
      8983.20      470.000
      8987.75      310.000
      8989.87      1070.00
      8993.36      560.000
      8997.66      770.000
      9000.35      1700.00
      9010.93      240.000
      9012.36      650.000
      9015.00      1400.00
      9019.06      5000.00
      9020.07      630.000
      9034.30      1960.00
      9040.38      1550.00
      9042.60      590.000
      9047.84      2570.00
      9050.73      51000.0
      9051.01      590.000
      9055.74      160.000
      9055.97      1140.00
      9058.56      220.000
      9060.74      160.000
      9065.05      800.000
      9066.45      5600.00
      9068.60      430.000
      9069.74      180.000
      9072.07      290.000
      9074.77      330.000
      9075.81      1450.00
      9077.89      3400.00
      9092.94      320.000
      9093.31      1550.00
      9097.33      9900.00
      9097.38      280.000
      9097.60      850.000
      9103.58      320.000
      9109.73      1390.00
      9114.03      220.000
      9120.64      270.000
      9122.14      2460.00
      9125.47 2.61800e+006
      9128.83      390.000
      9134.78      650.000
      9137.20      1730.00
      9143.06      2490.00
      9158.70      140.000
      9168.41      4300.00
      9170.31      390.000
      9173.34      720.000
      9181.30      1840.00
      9190.09      430.000
      9196.12      1110.00
      9197.16      37600.0
      9201.00      2900.00
      9201.29      1800.00
      9202.21      870.000
      9204.26      1210.00
      9206.49      75000.0
      9210.55      370.000
      9211.11      780.000
      9218.45      1220.00
      9223.96      630.000
      9224.87      290.000
      9227.03 1.42700e+006
      9230.04      4200.00
      9235.03      990.000
      9235.81      170.000
      9236.39      990.000
      9241.86      540.000
      9247.79      220.000
      9253.12      150.000
      9262.87      690.000
      9266.22      290.000
      9268.75      20800.0
      9269.46      3470.00
      9269.61      260.000
      9269.63      290.000
      9270.23      250.000
      9272.69      1230.00
      9273.72      390.000
      9278.82      10500.0
      9287.85      290.000
      9290.13      250.000
      9292.11      13500.0
      9294.08      21700.0
      9297.52      670.000
      9302.57      370.000
      9310.45      2660.00
      9313.00      900.000
      9320.29      1300.00
      9322.48      170.000
      9322.63      310.000
      9329.81      180.000
      9338.72      410.000
      9343.27      4500.00
      9346.66      260.000
      9346.77      380.000
      9356.79      214000.
      9358.56      240.000
      9363.55      300.000
      9385.85      7900.00
      9391.51      2320.00
      9393.16      1550.00
      9394.84      130.000
      9401.67      94000.0
      9411.93      3040.00
      9416.67      740.000
      9420.04      240.000
      9423.06      260.000
      9423.20      300.000
      9434.19      7000.00
      9434.87      330.000
      9439.40      560.000
      9449.58      130.000
      9453.05      290.000
      9457.80      600.000
      9461.22      180.000
      9461.66      4700.00
      9463.46      1040.00
      9463.62      20100.0
      9463.80      2070.00
      9469.79      10200.0
      9473.28      13000.0
      9477.48      37800.0
      9477.52      270.000
      9480.93      1290.00
      9484.86      680.000
      9484.89      360.000
      9489.53      1090.00
      9498.10      29900.0
      9499.79      40000.0
      9502.66      170.000
      9502.91      1160.00
      9504.04      160.000
      9508.00      7200.00
      9510.26      580.000
      9511.06      530.000
      9513.55      160.000
      9539.02      240.000
      9550.65      470.000
      9553.66      1090.00
      9556.61      560.000
      9563.87      8700.00
      9568.18      180.000
      9569.90      280.000
      9570.45      510.000
      9574.13      200.000
      9579.97      360.000
      9585.44      1930.00
      9585.71      230.000
      9589.66      490.000
      9592.97      250.000
      9598.02      930.000
      9604.57      370.000
      9611.12      770.000
      9611.57      380.000
      9616.29      290.000
      9616.33      1030.00
      9621.85      240.000
      9623.63      690.000
      9627.84      850.000
      9630.31      240.000
      9632.21      8400.00
      9633.39      250.000
      9635.29      14800.0
      9645.12      440.000
      9645.96      450.000
      9659.09      440.000
      9660.43 1.83300e+006
      9666.29      350.000
      9667.35      16600.0
      9669.03      240.000
      9677.44      720.000
      9678.76      430.000
      9679.49      820.000
      9680.88      100.000
      9688.33      230.000
      9697.69      520.000
      9703.22      26600.0
      9703.27      580.000
      9704.24      100.000
      9704.93      1170.00
      9718.81      370.000
      9721.16      390.000
      9738.88      210.000
      9741.29      240.000
      9746.23      1930.00
      9749.13      53000.0
      9756.27      480.000
      9758.82      380.000
      9759.90      250.000
      9761.31      650.000
      9767.28      130.000
      9772.21      270.000
      9776.25      560.000
      9782.13      220.000
      9785.76      270.000
      9787.19      605000.
      9788.04      190.000
      9792.20      480.000
      9798.89      4200.00
      9799.93      250.000
      9803.05      210.000
      9804.40      170.000
      9806.38      580.000
      9815.39      20600.0
      9815.84      170.000
      9817.11      480.000
      9817.65      210.000
      9821.87      310.000
      9829.14      46000.0
      9833.40      110.000
      9834.36      250.000
      9836.12      58000.0
      9836.70      280.000
      9840.70      140.000
      9843.62      110.000
      9848.38      250.000
      9852.16      700.000
      9856.77      610.000
      9858.44      1620.00
      9867.30      260.000
      9868.15      230.000
      9870.60      520.000
      9871.63      370.000
      9874.70      340.000
      9875.34      150.000
      9876.52      1060.00
      9898.76      1070.00
      9901.07      300.000
      9905.07      1000.00
      9908.60      240.000
      9909.11      410.000
      9910.19      340.000
      9912.79      560.000
      9913.55      280.000
      9913.83      1500.00
      9914.92      230.000
      9918.84      340.000
      9918.88      210.000
      9930.05      420.000
      9932.53      480.000
      9932.77      530.000
      9935.50      140.000
      9937.44      260.000
      9937.92      580.000
      9941.56      190.000
      9945.79      1390.00
      9949.80      200.000
      9951.88      380.000
      9954.58      960.000
      9955.10      1240.00
      9960.78      170.000
      9966.22      930.000
      9969.78      360.000
      9973.20      2440.00
      9975.82      80.0000
      9977.42      1210.00
      9987.79      4400.00
      9990.37      8400.00
      9992.67      280.000
      9995.39      470.000
      9996.60      530.000
      10001.3      200.000
      10001.7      460.000
      10014.1      460.000
      10032.4      1460.00
      10036.0      640.000
      10039.9      250.000
      10041.8      540.000
      10042.1      13400.0
      10048.1      400.000
      10050.8      720.000
      10054.8      15200.0
      10056.9      110.000
      10057.7      170.000
      10059.0      280.000
      10071.7      1990.00
      10081.7      80.0000
      10082.3      340.000
      10084.0      170.000
      10085.5      100.000
      10085.6      1390.00
      10086.5      4800.00
      10089.2      460.000
      10091.9      15600.0
      10105.3      280.000
      10107.8      220.000
      10108.3      90.0000
      10114.4      690.000
      10114.6      220.000
      10120.8      530.000
      10123.4      80.0000
      10129.3      110.000
      10134.1      160.000
      10136.3      3630.00
      10140.2      350.000
      10143.2      2180.00
      10144.2      8100.00
      10147.0      1930.00
      10166.2      2120.00
      10177.8      2420.00
      10181.3      2910.00
      10183.4      530.000
      10187.3      340.000
      10191.2      900.000
      10197.7      230.000
      10214.3      390.000
      10217.2      170.000
      10217.5      150.000
      10221.2      3020.00
      10222.2      100.000
      10223.8      190.000
      10226.5      590.000
      10238.8      1560.00
      10244.6      300.000
      10250.4      1910.00
      10253.5      1140.00
      10256.8      1040.00
      10258.4      290.000
      10260.2      5200.00
      10261.0      440.000
      10271.1      120.000
      10271.4      106.000
      10274.0      290.000
      10274.9      300.000
      10279.6      220.000
      10281.2      90.0000
      10281.7      71.0000
      10285.9      1930.00
      10288.3      80.0000
      10291.8      290.000
      10295.9      930.000
      10302.7      66.0000
      10304.0      520.000
      10306.9      220.000
      10311.4      2910.00
      10311.9      2070.00
      10317.7      250.000
      10319.7      1800.00
      10320.2      120.000
      10335.6      9100.00
      10337.8      300.000
      10347.1      170.000
      10349.4      370.000
      10351.9      2130.00
      10353.2      260.000
      10361.0      660.000
      10362.8      120.000
      10365.8      150.000
      10372.4      1180.00
      10380.3      180.000
      10381.0      220.000
      10381.7      80.0000
      10390.3      200.000
      10404.2      170.000
      10405.9      210.000
      10411.3      90.0000
      10413.3      270.000
      10415.4      70.0000
      10415.8      1010.00
      10420.7      90.0000
      10422.4      1390.00
      10426.7      92.0000
      10427.0      90.0000
      10432.5      680.000
      10437.0      130.000
      10437.7      180.000
      10438.0      720.000
      10439.7      380.000
      10442.4      720.000
      10443.4      220.000
      10453.3      1340.00
      10462.6      1140.00
      10470.0      1100.00
      10472.9      570000.
      10480.6      111.000
      10480.9      80000.0
      10486.2      260.000
      10490.3      140.000
      10495.1      5500.00
      10497.7      5800.00
      10498.5      150.000
      10501.4      4600.00
      10505.5      730.000
      10509.0      670.000
      10509.4      9600.00
      10512.4      110.000
      10515.1      3370.00
      10521.1      440.000
      10522.4      230.000
      10528.7      1080.00
      10530.0      146.000
      10530.7      3580.00
      10532.2      2690.00
      10532.9      440.000
      10536.3      490.000
      10539.8      200.000
      10543.1      180.000
      10543.8      1890.00
      10545.7      190.000
      10548.2      190.000
      10556.8      130.000
      10557.7      1000.00
      10559.3      8900.00
      10566.1      170.000
      10568.2      11800.0
      10570.1      103.000
      10579.3      220.000
      10584.6      120.000
      10584.6      100.000
      10587.9      230.000
      10589.8      81.0000
      10590.0      350.000
      10594.3      220.000
      10597.7      180.000
      10599.8      160.000
      10603.5      120.000
      10604.2      161.000
      10608.4      720.000
      10610.0      101.000
      10612.9      160.000
      10616.3      820.000
      10617.9      1110.00
      10625.5      290.000
      10632.8      200.000
      10637.2      180.000
      10641.0      220.000
      10643.2      65.0000
      10649.4      290.000
      10652.6      109.000
      10657.4      100.000
      10663.8      130.000
      10667.2      2600.00
      10671.4      210.000
      10676.5      316000.
      10681.3      370.000
      10684.7      46000.0
      10686.3      3420.00
      10693.1      111.000
      10703.3      187.000
      10703.9      5800.00
      10706.6      148.000
      10715.7      2370.00
      10725.2      300.000
      10726.9      1470.00
      10728.4      3830.00
      10729.9      52000.0
      10735.2      1620.00
      10736.8      4200.00
      10744.8      280.000
      10747.3      380.000
      10752.4      310.000
      10752.4      220.000
      10754.8      86.0000
      10755.4      260.000
      10757.3      2060.00
      10762.1      5600.00
      10773.3      1090.00
      10775.4      360.000
      10776.3      3900.00
      10777.3      100.000
      10779.9      1340.00
      10782.0      280.000
      10788.9      920.000
      10789.3      490.000
      10797.0      130.000
      10803.0      2600.00
      10803.1      1080.00
      10805.5      103.000
      10806.9      1450.00
      10807.5      180.000
      10810.0      350.000
      10810.3      390.000
      10815.2      1320.00
      10815.9      910.000
      10816.4      4300.00
      10816.5      680.000
      10823.0      570.000
      10823.2      250.000
      10837.1      450.000
      10838.2      97.0000
      10847.4      690.000
      10856.4      240.000
      10860.3      175.000
      10864.1      1600.00
      10865.5      780.000
      10867.6      180.000
      10869.9      128.000
      10870.3      80.0000
      10872.9      1200.00
      10883.9      19200.0
      10885.6      129.000
      10893.3      740.000
      10895.3      2840.00
      10897.9      110.000
      10904.2      1040.00
      10914.3      260.000
      10916.6      390.000
      10926.4      700.000
      10926.7      135.000
      10927.5      74.0000
      10930.2      65.0000
      10941.9      140.000
      10944.6      190.000
      10945.2      3400.00
      10945.4      160.000
      10945.4      430.000
      10950.9      970.000
      10951.2      460.000
      10953.7      16300.0
      10958.6      111.000
      10965.9      3520.00
      10967.0      130.000
      10968.3      51.0000
      10979.5      58.0000
      10985.9      540.000
      10986.0      193.000
      10986.2      105.000
      10986.6      1380.00
      10993.2      160.000
      11003.9      99.0000
      11004.8      450.000
      11019.8      1230.00
      11019.9      42.0000
      11024.8      600.000
      11026.6      140.000
      11030.0      105.000
      11031.1      110.000
      11034.6      158.000
      11039.3      1030.00
      11041.3      200.000
      11046.0      203.000
      11046.2      380.000
      11049.2      1110.00
      11054.0      62.0000
      11054.9      8600.00
      11058.0      840.000
      11060.0      710.000
      11074.5      110.000
      11076.8      340.000
      11077.8      1990.00
      11081.9      33600.0
      11093.8      430.000
      11095.2      170.000
      11097.5      121.000
      11101.8      172.000
      11104.8      1960.00
      11109.5      7300.00
      11117.2      450.000
      11121.8      1510.00
      11127.1      390.000
      11127.8      200.000
      11128.6      840.000
      11131.3      2140.00
      11136.9      1620.00
      11137.5      105.000
      11141.9      710.000
      11142.0      62.0000
      11142.9      340.000
      11160.6      96.0000
      11165.2      460.000
      11176.3      190.000
      11182.2      380.000
      11183.8      91.0000
      11185.9      171.000
      11189.0      2990.00
      11192.8      200.000
      11193.8      710.000
      11206.9      92.0000
      11208.6      1290.00
      11218.7      136.000
      11224.2      150.000
      11227.3      130.000
      11228.6      420.000
      11232.9      49.0000
      11233.3      49000.0
      11236.8      216.000
      11242.1      126.000
      11247.4      130.000
      11247.4      120.000
      11248.5      202.000
      11249.8      110.000
      11251.4      980.000
      11256.6      1380.00
      11258.2      233.000
      11261.2      620.000
      11262.1      910.000
      11263.2      110.000
      11266.0      230.000
      11276.7      650.000
      11279.4      209.000
      11279.9      1070.00
      11288.4      94.0000
      11292.7      258.000
      11300.6      68.0000
      11300.7      119.000
      11304.2      96.0000
      11306.6      480.000
      11306.9      1980.00
      11310.4      370.000
      11314.5      100.000
      11324.3      181.000
      11324.8      210.000
      11325.5      171.000
      11329.5      70.0000
      11330.1      310.000
      11333.5      2250.00
      11334.5      65.0000
      11335.1      780.000
      11346.0      380.000
      11346.8      1790.00
      11349.6      90.0000
      11353.2      170.000
      11355.0      4700.00
      11355.2      188.000
      11357.8      26600.0
      11359.7      71.0000
      11361.6      470.000
      11361.7      210.000
      11364.2      127.000
      11369.4      140.000
      11372.2      130.000
      11374.4      45.0000
      11377.8      470.000
      11387.0      480.000
      11387.6      450.000
      11389.4      1770.00
      11396.8      19500.0
      11401.8      1470.00
      11420.4      360.000
      11422.8      85.0000
      11423.2      55.0000
      11432.8      4100.00
      11435.7      780.000
      11436.0      199.000
      11445.0      43000.0
      11445.9      90.0000
      11447.5      91.0000
      11458.7      77.0000
      11461.6      82.0000
      11467.9      213.000
      11468.2      1920.00
      11470.7      14900.0
      11471.7      340.000
      11476.0      155.000
      11478.9      360.000
      11479.2      129.000
      11481.9      130.000
      11491.3      138000.
      11493.0      1150.00
      11497.2      149.000
      11504.6      850.000
      11505.3      440.000
      11509.2      56.0000
      11513.2      510.000
      11514.4      94.0000
      11514.7      8900.00
      11515.2      320.000
      11516.0      100.000
      11518.1      710.000
      11519.4      80.0000
      11519.6      1430.00
      11520.5      90.0000
      11529.6      940.000
      11530.1      2320.00
      11534.1      265.000
      11539.2      213.000
      11547.0      114.000
      11554.8      90.0000
      11560.5      340.000
      11561.4      350.000
      11574.6      2110.00
      11576.8      58.0000
      11578.7      540.000
      11581.4      130.000
      11582.3      210.000
      11583.0      260.000
      11583.6      3860.00
      11584.5      112.000
      11585.9      69.0000
      11593.1      690.000
      11599.2      4400.00
      11600.2      135.000
      11605.8      180.000
      11608.6      360.000
      11613.1      211.000
      11616.5      220.000
      11618.4      124.000
      11620.6      3180.00
      11621.4      304.000
      11635.1      119.000
      11635.5      58.0000
      11637.8      620.000
      11639.3      330.000
      11639.7      69.0000
      11639.8      142.000
      11644.4      96.0000
      11651.7      92.0000
      11660.4      90.0000
      11662.0      168.000
      11664.4      310.000
      11666.1      211.000
      11670.8      2240.00
      11671.9      148000.
      11681.5      80.0000
      11681.7      2840.00
      11686.1      74.0000
      11690.8      3080.00
      11697.2      83.0000
      11697.5      209.000
      11698.5      104.000
      11702.0      320.000
      11706.7      7500.00
      11711.4      1480.00
      11715.4      340.000
      11717.1      95.0000
      11722.7      31300.0
      11723.8      310.000
      11725.7      64.0000
      11726.5      131.000
      11732.5      86.0000
      11736.4      18400.0
      11760.5      92.0000
      11764.8      51.0000
      11769.9      122.000
      11778.4      1100.00
      11779.6      320.000
      11780.3      48.0000
      11782.8      100.000
      11793.6      46.0000
      11795.9      143.000
      11796.3      54.0000
      11805.3      85.0000
      11807.3      420.000
      11807.8      3250.00
      11810.5      81.0000
      11815.2      164.000
      11821.8      125.000
      11825.1      87.0000
      11825.9      740.000
      11828.1      95.0000
      11830.8      400.000
      11832.9      2030.00
      11833.0      630.000
      11838.2      167.000
      11840.4      200.000
      11842.9      54.0000
      11861.6      1440.00
      11865.4      105.000
      11867.5      6500.00
      11868.9      253.000
      11871.6      460.000
      11873.9      89.0000
      11877.1      252.000
      11877.5      127.000
      11877.9      187.000
      11878.1      1000.00
      11881.9      110.000
      11883.2      1740.00
      11886.0      172.000
      11887.7      12000.0
      11887.8      1380.00
      11889.3      130.000
      11890.6      71.0000
      11892.1      74.0000
      11898.2      240.000
      11899.9      4000.00
      11903.1      500.000
      11913.1      79.0000
      11914.8      209.000
      11919.8      306.000
      11928.5      60.0000
      11943.9      7300.00
      11945.4      2080.00
      11946.5      28700.0
      11947.1      15500.0
      11948.6      4500.00
      11948.7      56.0000
      11949.9      71.0000
      11955.3      1170.00
      11963.4      53.0000
      11964.8      39.0000
      11977.4      69.0000
      11987.9      1720.00
      12009.2      51.0000
      12011.1      240.000
      12019.2      370.000
      12021.3      860.000
      12022.0      6100.00
      12023.4      91.0000
      12029.9      17600.0
      12040.9      430.000
      12041.5      75.0000
      12046.2      52.0000
      12054.6      48.0000
      12064.8      80.0000
      12069.6      120.000
      12078.0      166.000
      12078.8      48.0000
      12085.5      87.0000
      12090.7      80.0000
      12092.9      920.000
      12103.1      110.000
      12112.6      75.0000
      12112.7      240.000
      12115.6      207000.
      12123.0      480.000
      12125.8      650.000
      12129.7      1740.00
      12130.6      7100.00
      12132.2      82.0000
      12132.7      2000.00
      12135.3      277.000
      12142.3      52.0000
      12143.1      157000.
      12144.1      45.0000
      12144.3      420.000
      12149.6      115.000
      12152.7      580.000
      12154.7      7800.00
      12165.8      490.000
      12167.9      360.000
      12171.1      256.000
      12175.1      209.000
      12175.1      730.000
      12180.9      157.000
      12181.8      134.000
      12185.4      234.000
      12192.2      55.0000
      12197.5      930.000
      12210.2      4000.00
      12210.8      144.000
      12215.2      158.000
      12216.3      98.0000
      12219.8      43.0000
      12227.1      83.0000
      12229.5      1050.00
      12229.9      70.0000
      12232.7      56.0000
      12235.3      11500.0
      12236.5      2660.00
      12237.7      1200.00
      12238.3      49.0000
      12239.9      107.000
      12240.7      45.0000
      12248.3      85.0000
      12248.8      284.000
      12252.5      800.000
      12260.1      138.000
      12265.3      120.000
      12265.6      78.0000
      12266.8      48.0000
      12274.8      134.000
      12277.2      103.000
      12277.4      200.000
      12296.3      44.0000
      12298.3      101.000
      12299.3      33.0000
      12313.4      220.000
      12316.1      145.000
      12319.7      56.0000
      12320.3      139.000
      12321.4      410.000
      12324.5      264.000
      12331.9      79.0000
      12332.6      128.000
      12334.2      50.0000
      12341.4      5800.00
      12344.9      80.0000
      12346.8      101000.
      12352.9      101.000
      12355.4      310.000
      12359.2      3550.00
      12359.7      46000.0
      12363.0      180.000
      12367.6      44.0000
      12375.4      107.000
      12375.9      104.000
      12381.1      1020.00
      12381.7      66.0000
      12385.2      350.000
      12401.2      340.000
      12406.2      409000.
      12407.0      1150.00
      12409.6      99.0000
      12418.6      2130.00
      12422.6      150.000
      12422.8      12800.0
      12423.4      1360.00
      12425.7      600.000
      12432.7      78.0000
      12434.0      46.0000
      12442.7      555000.
      12443.2      72.0000
      12444.0      55.0000
      12445.4      1250.00
      12448.8      300.000
      12449.8      35.0000
      12450.9      1720.00
      12456.7      138.000
      12457.9      207.000
      12459.5      298000.
      12464.4      570.000
      12465.6      143.000
      12468.5      280.000
      12472.6      1040.00
      12477.8      135.000
      12479.7      307.000
      12480.7      4000.00
      12491.1      495000.
      12492.1      62.0000
      12503.1      119.000
      12506.2      175.000
      12511.8      183.000
      12521.6      256.000
      12522.7      46.0000
      12530.7      81.0000
      12544.4      103.000
      12549.2      240.000
      12556.2      520.000
      12556.5      860.000
      12557.8      6800.00
      12562.3      64.0000
      12564.6      62.0000
      12565.0      98.0000
      12566.1      64.0000
      12567.3      57.0000
      12571.9      105.000
      12575.1      171.000
      12583.5      61.0000
      12583.7      98.0000
      12586.7      67.0000
      12591.3      430.000
      12598.1      150.000
      12599.7      3220.00
      12608.1      134.000
      12613.8      152.000
      12620.6      38.0000
      12621.0      56.0000
      12623.8      330.000
      12625.1      8900.00
      12636.0      215.000
      12639.6      1240.00
      12641.9      4600.00
      12644.8      217.000
      12645.8      104.000
      12649.1      900.000
      12650.0      15500.0
      12651.8      65.0000
      12652.7      106.000
      12653.4      48.0000
      12653.8      1240.00
      12664.8      570.000
      12672.2      105.000
      12674.4      114.000
      12677.4      126.000
      12683.6      670.000
      12686.7      73.0000
      12688.3      200.000
      12688.9      76.0000
      12693.5      90.0000
      12694.9      306.000
      12700.4      80.0000
      12705.8      266000.
      12712.8      1070.00
      12713.3      500.000
      12713.7      63.0000
      12724.3      45.0000
      12726.4      152.000
      12735.9      200.000
      12736.9      62000.0
      12737.1      206.000
      12747.0      139.000
      12749.7      43000.0
      12765.6      2340.00
      12769.4      460.000
      12776.3      820.000
      12776.7      36.0000
      12785.1      910.000
      12785.5      78.0000
      12785.8      47.0000
      12786.3      1020.00
      12795.0      260.000
      12799.0      610.000
      12803.5      113.000
      12806.2      259000.
      12817.0      780.000
      12826.9      130.000
      12830.3      325.000
      12834.1      248.000
      12838.2      94.0000
      12839.1      100.000
      12841.4      145.000
      12845.3      48.0000
      12850.6      250.000
      12865.2      1050.00
      12870.2      4500.00
      12870.3      63.0000
      12876.2      217.000
      12876.9      250.000
      12877.0      57.0000
      12891.7      119.000
      12902.4      740.000
      12903.8      160.000
      12906.5      230.000
      12920.5      308.000
      12922.8      360.000
      12924.6      151.000
      12929.4      106.000
      12935.6      87.0000
      12936.7      72000.0
      12937.1      169.000
      12938.8      315.000
      12942.5      86.0000
      12943.1      61.0000
      12944.2      590.000
      12947.8      170.000
      12955.6      1700.00
      12960.2      576000.
      12963.4      3980.00
      12964.7      104.000
      12967.2      139.000
      12974.3      52.0000
      12986.1      83.0000
      12990.5      370.000
      12991.7      67.0000
      12992.3      1130.00
      12993.1      80.0000
      12998.1      219.000
      13007.8      161.000
      13009.7      60.0000
      13011.4      1140.00
      13011.8      221000.
      13013.7      293.000
      13020.2      86.0000
      13029.7      1770.00
      13032.0      7200.00
      13034.7      268.000
      13038.3      140.000
      13047.0      430.000
      13047.7      34.0000
      13052.6      100.000
      13054.7      540.000
      13059.5      810.000
      13059.7      63.0000
      13073.0      330.000
      13074.4      3140.00
      13104.7      137.000
      13105.4      57.0000
      13106.4      32.0000
      13110.7      200.000
      13111.5      52.0000
      13112.7      140.000
      13120.3      101.000
      13127.7      34.0000
      13131.5      1040.00
      13132.1      125.000
      13133.9      460.000
      13146.5      118.000
      13148.1      31.0000
      13149.5      570.000
      13152.3      55.0000
      13152.7      213.000
      13154.5      103.000
      13157.4      290.000
      13160.2      62.0000
      13187.4      218.000
      13187.5      139.000
      13187.9      110.000
      13204.6      63.0000
      13208.9      1970.00
      13217.6      229000.
      13227.0      32.0000
      13231.7      201000.
      13234.5      120000.
      13237.9      910.000
      13238.5      96.0000
      13239.8      170.000
      13243.4      303.000
      13247.6      560.000
      13249.3      70.0000
      13251.4      247.000
      13252.5      137.000
      13257.5      1540.00
      13260.7      224.000
      13267.3      92.0000
      13271.5      81.0000
      13275.0      68.0000
      13276.3      651000.
      13279.0      1150.00
      13283.3      50.0000
      13285.1      430.000
      13294.5      48.0000
      13299.7      39.0000
      13306.0      11100.0
      13316.9      448000.
      13318.3      40.0000
      13321.2      770.000
      13333.8      16500.0
      13338.3      51.0000
      13340.4      280.000
      13368.4      80.0000
      13369.7      700.000
      13370.8      815000.
      13371.5      44000.0
      13372.4      1790.00
      13377.5      190.000
      13377.7      66.0000
      13385.9      550.000
      13389.9      134.000
      13408.6      690.000
      13410.3      142000.
      13423.2      430.000
      13424.9      200.000
      13427.2      105.000
      13428.6      410.000
      13430.4      129.000
      13430.6      219.000
      13437.0      117.000
      13442.8      49.0000
      13444.3      490.000
      13447.6      303.000
      13451.4      420.000
      13452.9      269.000
      13454.0      1060.00
      13464.5      88.0000
      13476.4      940.000
      13487.9      161.000
      13488.0      183.000
      13495.1      87.0000
      13497.3      450.000
      13503.1      67000.0
      13504.7      360.000
      13507.9 1.07900e+006
      13518.4      53.0000
      13521.4      73.0000
      13521.8      2600.00
      13535.9      116.000
      13536.9      29.0000
      13542.1      157.000
      13544.4      233.000
      13547.9      22500.0
      13552.8      127.000
      13566.1      55.0000
      13569.4      8700.00
      13574.1      275.000
      13577.3      37000.0
      13583.1      640.000
      13583.2      190.000
      13592.5      560.000
      13601.5      97.0000
      13601.9      128.000
      13602.3      124.000
      13603.1      63000.0
      13603.4      167.000
      13613.3      80.0000
      13626.4      479000.
      13629.8      195.000
      13630.0      60.0000
      13632.7      85.0000
      13634.0      108.000
      13637.3      1260.00
      13639.8      86.0000
      13651.3      1160.00
      13656.5      330.000
      13662.0      300.000
      13666.2      92.0000
      13666.3      83.0000
      13668.5      135.000
      13676.2      65.0000
      13680.8      66.0000
      13682.3      342000.
      13686.3      191.000
      13703.0      85.0000
      13722.3 1.51500e+006
      13723.5      160.000
      13727.9      920.000
      13735.0      159.000
      13738.0      96.0000
      13739.2      91.0000
      13742.3      138.000
      13743.7      1070.00
      13749.6      77.0000
      13751.9      42.0000
      13756.7      205.000
      13760.3      51.0000
      13764.0      95.0000
      13777.9      68.0000
      13782.7      210.000
      13783.4      84.0000
      13796.2      870.000
      13813.6      52.0000
      13815.3      197.000
      13819.4      41.0000
      13829.5      100000.
      13832.1      4900.00
      13832.2      11400.0
      13858.8      260.000
      13870.2      1230.00
      13870.8      1820.00
      13878.4      42.0000
      13878.9      440.000
      13890.3      640.000
      13908.3      2930.00
      13911.3      17800.0
      13914.4      91000.0
      13934.0      169.000
      13940.5      1770.00
      13943.0      660.000
      13950.3      170.000
      13968.6      111.000
      13974.2      42.0000
      13976.2      80.0000
      13979.7      370.000
      13979.9      155.000
      13996.6      1480.00
      13997.0      62.0000
      14030.4      770.000
      14032.4      350.000
      14036.2      56.0000
      14058.0      104.000
      14065.1      63.0000
      14065.8      290.000
      14067.5      208.000
      14073.0      183.000
      14074.0      380.000
      14074.6      227.000
      14077.2      76.0000
      14081.6      51.0000
      14083.7      1100.00
      14088.9      500.000
      14094.1      3020.00
      14097.5      270000.
      14104.7      63.0000
      14105.3      209.000
      14152.5      160.000
      14172.5      6300.00
      14178.6      720.000
      14191.4      81.0000
      14194.9      104.000
      14196.2      400.000
      14235.2      880.000
      14237.2      71.0000
      14238.8      43.0000
      14239.6      168.000
      14242.5      81.0000
      14248.1      91.0000
      14253.1      28700.0
      14258.0      2330.00
      14258.6      780.000
      14258.7      150.000
      14260.8      33500.0
      14263.1      760.000
      14279.1      120.000
      14287.4      51.0000
      14300.6      85.0000
      14310.5      65.0000
      14317.9      293.000
      14344.0      43.0000
      14347.2      167.000
      14361.8      309.000
      14362.9      102.000
      14367.6      65.0000
      14368.6      151.000
      14378.3      57.0000
      14402.4      64.0000
      14416.5      300.000
      14427.3      80.0000
      14428.5      5300.00
      14442.8      217.000
      14453.3      114.000
      14455.7      460.000
      14456.1      135.000
      14465.5      32.0000
      14473.1      62.0000
      14479.8      244.000
      14497.4      89.0000
      14506.9      63.0000
      14507.2      230.000
      14523.9      86.0000
      14537.4      350.000
      14549.9      131.000
      14552.1      132.000
      14561.0      82.0000
      14565.6      70.0000
      14574.3      138.000
      14577.6      118.000
      14581.4      1670.00
      14583.7      184.000
      14599.7      1950.00
      14600.5      30800.0
      14602.6      450.000
      14607.5      155.000
      14608.1      87.0000
      14623.0      1330.00
      14631.9      184.000
      14632.7      102.000
      14635.6      90.0000
      14636.4      2490.00
      14638.4      55000.0
      14638.5      1690.00
      14654.4      59000.0
      14655.5      93.0000
      14658.9      3920.00
      14681.3      940.000
      14688.7      140.000
      14697.0      13500.0
      14697.7      1070.00
      14699.6      179.000
      14706.8      38.0000
      14718.7      54.0000
      14720.4      105.000
      14722.8      950.000
      14723.5      87.0000
      14723.6      700.000
      14743.2      10700.0
      14745.4      780.000
      14746.2      130.000
      14760.7      191.000
      14768.8      112.000
      14776.1      133.000
      14781.3      41.0000
      14787.9      630.000
      14789.4      550.000
      14790.1      3320.00
      14801.9      128.000
      14809.5      200.000
      14810.5      1160.00
      14813.1      48.0000
      14834.0      48.0000
      14834.3      128.000
      14837.5      440.000
      14880.6      880.000
      14902.2      310.000
      14914.5      77.0000
      14915.1      50.0000
      14915.1      79.0000
      14932.6      271.000
      14933.1      282.000
      14944.6      380.000
      14948.1      2010.00
      14951.4      116.000
      14971.0      550.000
      14972.6      54.0000
      14974.8      55.0000
      14978.7      270.000
      14980.9      42.0000
      14981.4      244.000
      14989.0      410.000
      14992.7      265.000
      14998.7      82.0000
      14998.8      144.000
      15014.1      134.000
      15025.9      113.000
      15034.6      4100.00
      15035.3      1360.00
      15049.5      184.000
      15050.6      208000.
      15053.8      81.0000
      15056.1      81.0000
      15056.7      250.000
      15069.8      76.0000
      15094.9      71.0000
      15099.5      55.0000
      15100.1      91.0000
      15103.5      340.000
      15105.0      88.0000
      15116.6      134.000
      15147.5      86.0000
      15176.8      53000.0
      15181.9      660.000
      15193.0      320.000
      15194.5      41.0000
      15194.9      163.000
      15234.2      80.0000
      15243.5      268.000
      15244.4      268.000
      15268.5      67.0000
      15277.5      124.000
      15277.9      100.000
      15278.9      320.000
      15286.2      51.0000
      15295.4      87.0000
      15296.7      90.0000
      15306.1      81000.0
      15311.5      1660.00
      15320.1      91.0000
      15333.5      21400.0
      15352.7      410.000
      15353.4      17000.0
      15357.3      9000.00
      15359.9      730.000
      15399.9      100.000
      15406.9      17300.0
      15434.0      4600.00
      15443.8      78.0000
      15444.3      500.000
      15451.0      1070.00
      15477.1      142.000
      15477.5      69.0000
      15520.7      920.000
      15527.4      45.0000
      15546.9      74.0000
      15555.9      221.000
      15557.5      59.0000
      15559.7      920.000
      15563.8      123.000
      15563.9      30.0000
      15573.8      150.000
      15576.4      400.000
      15576.6      68.0000
      15580.1      53.0000
      15580.8      1500.00
      15587.9      74.0000
      15589.5      136.000
      15602.9      350.000
      15603.1      196.000
      15612.4      52.0000
      15613.2      83.0000
      15632.5      112.000
      15638.7      123.000
      15644.7      147.000
      15645.6      135.000
      15680.4      121.000
      15705.6      150.000
      15717.4      287.000
      15739.2      1590.00
      15748.2      109.000
      15771.9      44.0000
      15780.9      420.000
      15797.5      780.000
      15819.8      185.000
      15821.1      2510.00
      15829.5      96.0000
      15836.1      2910.00
      15852.1      98.0000
      15887.5      3900.00
      15895.9      199.000
      15896.2      151.000
      15903.9      214.000
      15904.0      25600.0
      15926.5      206.000
      15936.8      144.000
      15940.4      109.000
      15958.8      241.000
      15964.4      120.000
      15982.8      100.000
      15993.9      59000.0
      16002.2      72.0000
      16010.1      530.000
      16012.7      88.0000
      16018.8      70.0000
      16037.5      49.0000
      16042.9      145.000
      16076.4      48.0000
      16077.0      95.0000
      16114.2      840.000
      16127.1      4800.00
      16147.2      76.0000
      16152.0      165.000
      16156.8      250.000
      16182.9      77.0000
      16184.4      9500.00
      16225.2      252.000
      16242.6      124.000
      16244.9      109.000
      16268.5      1890.00
      16284.7      147.000
      16308.6      158.000
      16313.0      42.0000
      16315.2      127.000
      16334.3      47.0000
      16345.2      102.000
      16368.1      43.0000
      16385.4      247.000
      16417.3      185.000
      16441.1      37400.0
      16508.3      240.000
      16524.4      48000.0
      16538.8      112.000
      16542.9      73.0000
      16544.9      640.000
      16553.8      18600.0
      16554.9      2000.00
      16592.4      163.000
      16594.1      42.0000
      16596.6      112.000
      16603.9      126.000
      16629.2      45.0000
      16709.2      161.000
      16717.0      115.000
      16734.6      88.0000
      16744.6      21700.0
      16752.1      69.0000
      16753.0      410.000
      16773.1      1310.00
      16789.6      92.0000
      16789.8      62.0000
      16825.5      240.000
      16857.2      78.0000
      16864.7      390.000
      16883.9      79.0000
      16894.7      102.000
      16943.4      168.000
      16945.2      405000.
      16981.7      100.000
      17009.3      114.000
      17013.2      61.0000
      17080.4      102.000
      17083.5      191.000
      17083.7      84.0000
      17093.0      61.0000
      17118.2      83.0000
      17126.0      103.000
      17138.8      235.000
      17140.0      310.000
      17147.8      83.0000
      17149.9      71.0000
      17170.4      59.0000
      17191.6      75.0000
      17212.2      56.0000
      17212.9      350.000
      17230.4      82.0000
      17268.9      166.000
      17272.6      161.000
      17300.8      420.000
      17312.4      3380.00
      17385.3      700.000
      17386.7      3680.00
      17390.1      400.000
      17399.3      64.0000
      17406.7      3000.00
      17409.1      288.000
      17449.7      21300.0
      17450.0      2250.00
      17478.5      53.0000
      17485.8      1780.00
      17513.1      46.0000
      17526.5      40.0000
      17539.3      91.0000
      17557.5      157.000
      17577.9      165.000
      17589.3      3040.00
      17627.9      1470.00
      17630.8      112.000
      17637.4      80.0000
      17639.1      132.000
      17654.3      46.0000
      17674.4      68.0000
      17682.3      83.0000
      17688.6      108.000
      17693.6      66.0000
      17701.3      100.000
      17708.5      153.000
      17725.2      94.0000
      17749.7      650.000
      17761.9      40.0000
      17788.0      400.000
      17793.1      61.0000
      17828.9      11900.0
      17830.7      520.000
      17861.4      60.0000
      17878.5      59.0000
      17887.9      43.0000
      17891.6      97.0000
      17892.1      2480.00
      17892.8      91.0000
      17893.1      830.000
      17910.2      160.000
      17919.5      17100.0
      17919.6      116000.
      17941.3      183.000
      17950.7      112.000
      17960.8      69.0000
      17969.8      590.000
      17981.9      164.000
      17998.7      113.000
      18012.5      97.0000
      18030.0      75.0000
      18034.6      75.0000
      18077.3      530.000
      18108.0      140.000
      18130.9      630.000
      18166.5      57.0000
      18190.7      910.000
      18236.3      550.000
      18244.4      104.000
      18248.0      730.000
      18276.4      80.0000
      18289.6      84.0000
      18351.6      140.000
      18353.0      750.000
      18366.3      330.000
      18379.9      90.0000
      18423.1      6400.00
      18423.2      1200.00
      18426.7      110.000
      18432.8      25100.0
      18433.4      1630.00
      18434.5      12600.0
      18443.6      410.000
      18445.5      290.000
      18467.2      90.0000
      18467.6      120.000
      18473.5      470.000
      18490.7      230.000
      18491.8      1730.00
      18494.3      180.000
      18494.5      110.000
      18495.7      179.000
      18525.1      390.000
      18529.4      110.000
      18563.0      219.000
      18569.3      2720.00
      18575.2      4000.00
      18576.7      480.000
      18580.0      490.000
      18600.9      275.000
      18606.9      69.0000
      18609.6      260.000
      18637.4      3910.00
      18646.8      460.000
      18656.8      380.000
      18662.3      103.000
      18674.4      211.000
      18735.9      90.0000
      18750.1      1950.00
      18768.6      330.000
      18773.7      300.000
      18777.6      181.000
      18807.5      111.000
      18817.0      2790.00
      18855.9      114.000
      18870.7      208.000
      18877.3      48.0000
      18882.9      210.000
      18891.9      820.000
      18925.0      82.0000
      18947.3      124.000
      18965.1      310.000
      18989.7      213.000
      19023.8      116.000
      19024.2      350.000
      19055.6      41.0000
      19078.5      94.0000
      19079.6      197.000
      19093.8      78.0000
      19113.7      86.0000
      19118.3      107.000
      19129.0      400.000
      19148.5      180.000
      19150.8      330.000
      19153.1      190.000
      19157.0      380.000
      19180.5      670.000
      19182.0      240.000
      19183.6      72.0000
      19195.9      77.0000
      19209.9      79.0000
      19300.2      290.000
      19314.5      780.000
      19323.1      78.0000
      19344.3      273.000
      19396.6      120.000
      19402.1      87.0000
      19405.8      171.000
      19433.1      80.0000
      19458.3      1680.00
      19477.6      110.000
      19482.1      107.000
      19511.1      500.000
      19600.4      180.000
      19622.5      81.0000
      19633.6      580.000
      19644.3      170.000
      19649.9      48.0000
      19673.8      450.000
      19675.3      85.0000
      19679.9      137.000
      19688.6      294.000
      19688.8      66.0000
      19746.8      510.000
      19770.6      134.000
      19779.7      161.000
      19782.2      2890.00
      19791.4      299.000
      19822.9      23200.0
      19858.3      60.0000
      19863.1      57.0000
      19867.6      480.000
      19887.7      59.0000
      19908.1      158.000
      19908.6      440.000
      19950.5      3010.00
      19971.2      11500.0
      19997.7      330.000
      20010.9      370.000
      20031.1      3540.00
      20031.6      84.0000
      20035.6      1400.00
      20053.4      87.0000
      20074.4      1860.00
      20082.9      90.0000
      20134.2      116.000
      20196.9      159.000
      20306.5      51.0000
      20322.6      8400.00
      20323.3      212.000
      20383.4      40.0000
      20386.9      128.000
      20427.3      60.0000
      20574.4      2240.00
      20621.9      74000.0
      20640.0      950.000
      20652.8      6400.00
      20685.8      430.000
      20697.7      124.000
      20722.0      500.000
      20739.2      4300.00
      20741.0      710.000
      20816.7      4000.00
      20868.3      55.0000
      20875.1      600.000
      20885.3      57.0000
      20957.2      48.0000
      20991.8      37200.0
      20992.7      71.0000
      21025.3      94.0000
      21041.6      800.000
      21056.0      150.000
      21101.5      103.000
      21138.4      69.0000
      21149.0      216.000
      21154.3      126.000
      21168.5      116.000
      21338.7      3930.00
      21359.0      115.000
      21380.9      141.000
      21412.6      42.0000
      21424.6      48.0000
      21478.7      45.0000
      21540.1      19700.0
      21611.5      66.0000
      21634.9      313.000
      21643.2      115.000
      21661.3      34.0000
      21661.7      80.0000
      21675.9      100.000
      21718.5      333.000
      21749.9      750.000
      21753.3      79.0000
      21770.3      310.000
      21947.8      250.000
      21950.9      214.000
      21965.4      53.0000
      21979.1      56.0000
      21996.7      73.0000
      22045.6      4800.00
      22079.5      43.0000
      22083.2      20100.0
      22109.7      420.000
      22118.7      1910.00
      22270.4      128.000
      22350.9      96.0000
      22383.9      50.0000
      22502.9      136.000
      22539.7      129.000
      22543.9      188.000
      22620.5      301.000
      22652.4      171.000
      22716.4      125.000
      22835.7      64.0000
      22840.8      65.0000
      22850.2      49.0000
      22857.9      83.0000
      22861.4      88.0000
      22870.3      209.000
      22883.9      140.000
      22907.1      88.0000
      22971.0      47.0000
      22978.3      840.000
      23139.5      16500.0
      23159.9      560.000
      23181.8      129.000
      23225.1      160.000
      23276.4      49.0000
      23337.0      83.0000
      23372.4      120.000
      23443.9      113.000
      23521.2      520.000
      23558.0      41.0000
      23669.9      62.0000
      23679.3      69.0000
      23711.2      39.0000
      23788.3      400.000
      23851.5      33200.0
      23911.2      230.000
      23913.7      52.0000
      23973.1      17100.0
      24014.5      191.000
      24019.8      250.000
      24142.8      141.000
      24179.5      95.0000
      24308.5      51.0000
      24435.2      66.0000
      24475.4      129.000
      24783.0      250.000
      24785.2      96.0000
      24796.1      86.0000
      24813.8      130.000
      24909.2      47.0000
      24938.1      70.0000
      25004.3      61.0000
      25056.4      88.0000
      25087.5      104.000
      25132.1      22300.0
      25242.3      49.0000
      25276.1      57.0000
      25494.6      3640.00
      25512.2      22000.0
      25568.6      91.0000
      25668.0      16800.0
      25743.0      150.000
      25743.1      45.0000
      25797.1      59.0000
      25808.6      56.0000
      25861.1      100.000
      25863.8      230.000
      25893.0      48.0000
      25975.2      990.000
      25978.4      202.000
      25991.4      57.0000
      26104.3      270.000
      26106.4      230.000
      26121.1      530.000
      26122.9      1420.00
      26241.8      470.000
      26306.9      810.000
      26384.3      173.000
      26456.4      230.000
      26550.3      8700.00
      26612.5      900.000
      26637.2      340.000
      26645.5      80.0000
      26675.3      68.0000
      26683.8      84.0000
      26742.0      70.0000
      26799.3      123.000
      26843.0      9400.00
      26917.0      38300.0
      26954.5      340.000
      26974.8      44.0000
      27060.0      59.0000
      27062.0      54.0000
      27092.2      140.000
      27152.9      6100.00
      27233.1      2600.00
      27293.2      700.000
      27363.8      8400.00
      27418.9      13700.0
      27568.6      430.000
      27626.7      420.000
      27640.6      220.000
      27645.0      73.0000
      27790.8      123.000
      27793.5      12700.0
      27984.8      5900.00
      28035.4      35.0000
      28202.4      14300.0
      28245.9      15000.0
      28277.9      118.000
      28278.0      330.000
      28321.8      14500.0
      28436.1      410.000
      28505.7      29500.0
      28531.0      190.000
      28538.4      3200.00
      28546.7      89.0000
      28582.2      149.000
      28620.2      40000.0
      28697.9      9300.00
      28712.4      2230.00
      28760.5      45.0000
      28782.9      82000.0
      28843.1      15800.0
      28879.6      35.0000
      28959.6      46.0000
      28989.2      420.000
      29076.4      122.000
      29094.5      73.0000
      29108.5      1020.00
      29134.0      9300.00
      29262.9      1750.00
      29280.6      5400.00
      29360.9      85.0000
      29566.3      950.000
      29670.9      400.000
      29677.9      50.0000
      29796.8      41000.0
      29989.5      120.000
      30462.1      2010.00
      30553.0      1510.00
      30627.2      40.0000
      30629.9      120.000
      30643.8      240.000
      30692.8      60.0000
      30853.7      57.0000
      30996.2      2870.00
      31333.0      28000.0
      31333.4      131.000
      31369.9      133.000
      31727.7      2080.00
      31828.4      490.000
      31941.5      75.0000
      31952.5      380.000
      31959.9      37.0000
      31971.2      50.0000
      31994.7      430.000
      32235.3      290.000
      32256.2      1360.00
      32305.9      350.000
      32333.8      2370.00
      32659.2      450.000
      32888.6      2200.00
      32939.6      90.0000
      33063.0      65.0000
      33078.8      5900.00
      33148.4      6200.00
      33293.4      5100.00
      33298.0      430.000
      33753.5      150.000
      33793.1      184.000
      34960.5      830.000
      35107.0      90.0000
      35228.1      480.000
      35553.0      104.000
      36089.5      520.000
      36220.8      6900.00
      36229.1      81.0000
      36312.4      3190.00
      36390.5      80.0000
      36395.1      1130.00
      36492.0      8800.00
      37013.6      2820.00
      37086.0      10200.0
      37143.5      5100.00
      37186.2      1050.00
      37261.3      1350.00
      37307.0      90.0000
      37391.2      76.0000
      37535.1      290.000
      37561.7      62.0000
      37921.8      1010.00
      38120.0      3570.00
      38179.2      220.000
      38331.2      2090.00
      38376.4      114.000
      38395.3      440.000
      38811.2      1450.00
      38960.2      1850.00
      39031.8      67.0000
      39056.4      56.0000
      39115.4      260.000
      39180.0      670.000
      39325.7      1130.00
      39498.3      360.000
      39663.5      2410.00
      39669.9      4200.00
      39748.0      580.000
      39748.7      370.000
      39835.3      910.000
      39909.0      9000.00
      39909.7      6500.00
      39966.8      195.000
      40008.2      2820.00
      40079.9      2450.00
      40080.5      2650.00
      40092.0      2140.00
      40097.6      1560.00
      40165.3      5000.00
      40170.3      3720.00
      40327.6      670.000
      40332.6      430.000
      40435.0      5300.00
      40435.6      5300.00
      40492.6      710.000
      40493.2      650.000
      40587.2      37.0000
      40891.3      4300.00
      40976.8      300.000
      41367.7      590.000
      41398.6      50.0000
      41973.5      12200.0
      42044.1      1840.00
      42301.0      960.000
      42343.2      260.000
      42402.8      430.000
      42543.2      117.000
      42622.3      103.000
      43138.7      52.0000
      43601.3      7400.00
      43660.6      97.0000
      43674.0      87.0000
      43767.4      5300.00
      43774.8      10000.0
      44050.6      2820.00
      44223.5      300.000
      44511.4      4700.00
      45176.4      15500.0
      45216.5      3760.00
      45278.1      400.000
      45281.6      227.000
      45512.2      2160.00
      45574.9      144.000
      45590.1      1890.00
      45926.6      169.000
      45949.4      56.0000
      46250.8      320.000
      46308.8      2290.00
      46691.4      2560.00
      46700.8      2620.00
      46707.1      3310.00
      46907.9      1330.00
      47151.6      390.000
      47567.0      75.0000
      47610.0      66.0000
      47960.8      91.0000
      47969.0      57.0000
      48056.4      18000.0
      48082.5      170.000
      49159.9      160.000
      49207.1      200.000
      49278.5      146.000
      49991.6      550.000
      49993.4      71.0000
      50216.0      3780.00
      50235.3      580.000
      50532.3      1810.00
      51203.9      310.000
      51216.5      300.000
      52430.6      170.000
      53146.4      820.000
      53845.6      170.000
      53912.4      77.0000
      53989.8      1230.00
      54676.6      470.000
      55177.7      750.000
      58037.7      2700.00
